0.3339191554856560 0.0022954763226978 0.0033253010830678 0.0000335582284108 0.0002161553709170 0.0000028067413001
0.0022954763226978 0.3339191554856559 0.0000335582284108 0.0033253010830678 0.0000028067413001 0.0002161553709170
0.0033253010830678 0.0000335582284108 0.4771071872708646 0.0036283176330942 0.0435043361746153 0.0005286522432670
0.0000335582284108 0.0033253010830678 0.0036283176330942 0.4771071872708647 0.0005286522432670 0.0435043361746153
0.0002161553709170 0.0000028067413001 0.0435043361746153 0.0005286522432670 0.4151051089910279 0.0039623159166741
0.0000028067413001 0.0002161553709170 0.0005286522432670 0.0435043361746153 0.0039623159166741 0.4151051089910279
